9.48e+01 
9.31e+01 
9.65e+01 
9.71e+01 
9.78e+01 
9.79e+01 
9.80e+01 
9.83e+01 
9.83e+01 
9.82e+01 
9.85e+01 
9.81e+01 
9.82e+01 
9.86e+01 
9.86e+01 
9.85e+01 
9.84e+01 
9.86e+01 
9.84e+01 
9.69e+01 
9.80e+01 
9.87e+01 
9.87e+01 
9.86e+01 
9.87e+01 
9.85e+01 
9.87e+01 
9.87e+01 
9.87e+01 
9.87e+01 
9.86e+01 
9.87e+01 
9.88e+01 
9.87e+01 
9.83e+01 
9.87e+01 
9.87e+01 
9.87e+01 
9.84e+01 
9.86e+01 
9.88e+01 
9.88e+01 
9.86e+01 
9.87e+01 
9.88e+01 
9.88e+01 
9.88e+01 
9.87e+01 
9.88e+01 
9.88e+01 
9.89e+01 
9.88e+01 
9.86e+01 
9.87e+01 
9.81e+01 
9.85e+01 
9.88e+01 
9.88e+01 
9.88e+01 
9.88e+01 
9.87e+01 
9.88e+01 
9.83e+01 
9.88e+01 
9.87e+01 
9.88e+01 
9.88e+01 
9.89e+01 
9.88e+01 
9.87e+01 
9.89e+01 
9.85e+01 
9.87e+01 
9.88e+01 
9.88e+01 
9.88e+01 
9.88e+01 
9.87e+01 
