7.94e+01 
7.38e+01 
8.73e+01 
8.81e+01 
9.04e+01 
9.05e+01 
9.13e+01 
9.19e+01 
9.23e+01 
9.18e+01 
9.29e+01 
9.21e+01 
9.17e+01 
9.38e+01 
9.35e+01 
9.36e+01 
9.35e+01 
9.34e+01 
9.33e+01 
9.29e+01 
9.31e+01 
9.39e+01 
9.42e+01 
9.43e+01 
9.43e+01 
9.37e+01 
9.44e+01 
9.40e+01 
9.44e+01 
9.45e+01 
9.41e+01 
9.46e+01 
9.46e+01 
9.45e+01 
9.38e+01 
9.45e+01 
9.45e+01 
9.44e+01 
9.37e+01 
9.43e+01 
9.41e+01 
9.47e+01 
9.44e+01 
9.46e+01 
9.49e+01 
9.45e+01 
9.46e+01 
9.44e+01 
9.47e+01 
9.44e+01 
9.48e+01 
9.44e+01 
9.42e+01 
9.47e+01 
9.33e+01 
9.42e+01 
9.49e+01 
9.49e+01 
9.48e+01 
9.49e+01 
9.43e+01 
9.51e+01 
9.32e+01 
9.47e+01 
9.46e+01 
9.46e+01 
9.50e+01 
9.51e+01 
9.47e+01 
9.44e+01 
9.50e+01 
9.40e+01 
9.46e+01 
9.49e+01 
9.47e+01 
9.46e+01 
9.48e+01 
9.46e+01 
