5.83e+01 
6.52e+01 
7.50e+01 
7.75e+01 
8.11e+01 
7.88e+01 
8.33e+01 
8.18e+01 
8.40e+01 
8.15e+01 
8.42e+01 
8.60e+01 
8.15e+01 
8.50e+01 
8.42e+01 
8.21e+01 
8.67e+01 
8.57e+01 
8.23e+01 
6.07e+01 
7.83e+01 
8.73e+01 
8.77e+01 
8.66e+01 
8.63e+01 
8.44e+01 
8.71e+01 
8.40e+01 
8.52e+01 
8.67e+01 
8.58e+01 
8.68e+01 
8.74e+01 
8.74e+01 
7.91e+01 
8.67e+01 
8.72e+01 
8.78e+01 
8.77e+01 
8.32e+01 
8.56e+01 
8.70e+01 
8.72e+01 
8.65e+01 
8.76e+01 
8.68e+01 
8.64e+01 
8.66e+01 
8.76e+01 
8.71e+01 
8.82e+01 
8.80e+01 
8.68e+01 
8.65e+01 
7.74e+01 
8.20e+01 
8.82e+01 
8.61e+01 
8.68e+01 
8.68e+01 
8.20e+01 
8.67e+01 
7.97e+01 
8.44e+01 
8.53e+01 
8.73e+01 
8.69e+01 
8.64e+01 
8.82e+01 
8.77e+01 
8.78e+01 
8.78e+01 
8.69e+01 
8.64e+01 
8.76e+01 
8.82e+01 
8.83e+01 
8.48e+01 
