5.17e+01 
5.93e+01 
5.78e+01 
6.38e+01 
7.72e+01 
7.69e+01 
8.05e+01 
8.07e+01 
8.15e+01 
7.70e+01 
8.21e+01 
8.46e+01 
7.72e+01 
8.20e+01 
8.39e+01 
8.29e+01 
8.21e+01 
8.32e+01 
7.83e+01 
4.73e+01 
6.86e+01 
8.34e+01 
8.44e+01 
8.37e+01 
8.42e+01 
8.22e+01 
8.51e+01 
8.37e+01 
8.35e+01 
8.43e+01 
8.16e+01 
8.49e+01 
8.57e+01 
8.57e+01 
7.79e+01 
8.40e+01 
8.49e+01 
8.47e+01 
8.24e+01 
8.17e+01 
8.60e+01 
8.62e+01 
8.11e+01 
8.05e+01 
8.54e+01 
8.68e+01 
8.60e+01 
8.65e+01 
8.70e+01 
8.71e+01 
8.66e+01 
8.76e+01 
8.39e+01 
7.80e+01 
7.17e+01 
8.20e+01 
8.62e+01 
8.62e+01 
8.69e+01 
8.68e+01 
8.30e+01 
8.43e+01 
7.66e+01 
8.55e+01 
8.63e+01 
8.54e+01 
8.52e+01 
8.54e+01 
8.65e+01 
8.68e+01 
8.52e+01 
8.47e+01 
8.54e+01 
8.59e+01 
8.70e+01 
8.69e+01 
8.74e+01 
8.34e+01 
