1.37e+01 
5.43e+00 
3.47e+00 
2.09e+00 
1.70e+00 
1.46e+00 
1.20e+00 
9.82e-01 
8.78e-01 
7.69e-01 
8.69e-01 
7.73e-01 
8.05e-01 
8.47e-01 
9.51e-01 
7.69e-01 
7.77e-01 
8.40e-01 
8.10e-01 
8.32e-01 
8.01e-01 
7.95e-01 
7.19e-01 
8.58e-01 
7.93e-01 
8.97e-01 
8.16e-01 
7.26e-01 
7.96e-01 
8.18e-01 
9.70e-01 
9.72e-01 
8.28e-01 
8.22e-01 
8.06e-01 
8.67e-01 
8.62e-01 
8.84e-01 
6.96e-01 
8.29e-01 
7.64e-01 
7.52e-01 
7.30e-01 
8.17e-01 
6.81e-01 
5.94e-01 
9.43e-01 
8.57e-01 
7.67e-01 
7.03e-01 
8.09e-01 
6.63e-01 
6.04e-01 
5.81e-01 
6.12e-01 
8.81e-01 
7.46e-01 
7.54e-01 
6.95e-01 
6.41e-01 
5.96e-01 
6.73e-01 
6.02e-01 
6.95e-01 
6.56e-01 
7.48e-01 
8.12e-01 
7.18e-01 
6.95e-01 
6.58e-01 
6.03e-01 
5.63e-01 
6.42e-01 
6.60e-01 
6.77e-01 
6.39e-01 
5.87e-01 
5.42e-01 
