4.10e-01 
5.66e-02 
1.50e-02 
1.34e-02 
4.50e-03 
4.56e-04 
4.22e-03 
2.89e-03 
1.47e-02 
4.57e-03 
2.84e-03 
4.50e-03 
4.93e-03 
3.75e-04 
6.01e-03 
1.12e-03 
1.63e-03 
7.51e-03 
8.86e-03 
1.81e-03 
4.54e-03 
3.37e-03 
1.68e-04 
8.17e-03 
3.57e-03 
4.15e-03 
2.90e-04 
6.54e-04 
5.95e-02 
2.06e-04 
8.52e-03 
3.82e-04 
1.83e-04 
8.88e-03 
8.97e-03 
3.35e-03 
2.55e-03 
1.80e-03 
1.32e-04 
1.04e-02 
1.64e-04 
8.27e-05 
6.21e-05 
2.69e-03 
7.88e-03 
6.55e-05 
5.92e-03 
7.70e-05 
4.41e-05 
3.54e-05 
3.49e-03 
9.27e-05 
3.22e-05 
2.92e-05 
1.32e-02 
1.01e-03 
3.07e-03 
1.01e-02 
7.67e-05 
3.08e-05 
4.86e-05 
3.85e-03 
6.23e-03 
1.78e-03 
2.72e-04 
6.13e-03 
1.48e-04 
3.68e-04 
9.08e-03 
6.70e-05 
4.10e-05 
2.78e-05 
6.49e-03 
1.59e-03 
1.21e-04 
2.12e-03 
6.61e-05 
1.09e-02 
