3.20e-02 
1.22e-02 
3.03e-03 
2.71e-03 
1.53e-03 
4.64e-04 
1.37e-03 
7.83e-04 
8.93e-03 
9.96e-04 
3.01e-03 
1.61e-03 
5.73e-03 
5.94e-04 
2.64e-03 
1.47e-03 
1.16e-03 
2.08e-03 
1.57e-03 
9.08e-04 
3.25e-03 
1.35e-03 
1.72e-04 
2.38e-03 
6.42e-04 
1.14e-03 
4.71e-04 
1.62e-04 
6.55e-03 
7.67e-04 
2.12e-02 
8.31e-04 
2.33e-04 
2.33e-03 
2.93e-03 
1.04e-03 
2.73e-03 
3.24e-04 
1.31e-04 
1.44e-02 
3.19e-04 
1.45e-04 
9.36e-05 
9.63e-04 
1.76e-03 
1.25e-04 
5.70e-03 
1.67e-04 
8.34e-05 
6.39e-05 
1.32e-03 
1.08e-04 
8.26e-05 
5.46e-05 
1.07e-02 
2.43e-03 
8.32e-04 
4.60e-03 
1.78e-04 
8.40e-05 
9.52e-05 
9.50e-04 
1.64e-02 
2.80e-03 
2.93e-04 
2.98e-03 
3.30e-04 
1.03e-04 
1.52e-03 
1.61e-04 
8.04e-05 
5.51e-05 
7.27e-03 
1.14e-03 
1.34e-04 
1.86e-03 
8.96e-05 
3.22e-03 
