1.27e+00 
9.20e-01 
2.93e-01 
2.81e-01 
1.79e-01 
1.46e-01 
1.44e-01 
1.28e-01 
2.65e-01 
1.20e-01 
1.30e-01 
1.02e-01 
2.99e-01 
1.09e-01 
1.43e-01 
1.57e-01 
9.78e-02 
9.15e-02 
9.19e-02 
9.06e-02 
1.25e-01 
8.60e-02 
7.44e-02 
8.51e-02 
7.58e-02 
8.09e-02 
7.24e-02 
7.21e-02 
1.01e-01 
6.96e-02 
8.87e-02 
6.63e-02 
6.41e-02 
7.46e-02 
7.91e-02 
6.63e-02 
9.38e-02 
6.48e-02 
6.59e-02 
3.59e-01 
7.42e-02 
6.48e-02 
6.11e-02 
7.33e-02 
6.46e-02 
6.21e-02 
1.21e-01 
5.74e-02 
5.69e-02 
5.82e-02 
5.84e-02 
5.74e-02 
5.66e-02 
5.31e-02 
1.84e-01 
8.93e-02 
6.06e-02 
7.23e-02 
5.07e-02 
4.91e-02 
5.38e-02 
5.93e-02 
1.19e-01 
7.97e-02 
5.55e-02 
5.36e-02 
4.94e-02 
4.99e-02 
5.95e-02 
4.77e-02 
4.72e-02 
4.72e-02 
1.11e-01 
6.11e-02 
4.89e-02 
4.89e-02 
4.33e-02 
1.06e-01 
